50331648
50331649
50331650
50331651
50331652
50331653
50331654
50331656
50331663
50331676
67109365
67109366
67109367
67109368
67109369
67109372
67109373
67109374
67109376
67109377
67109378
67109379
67109380
67109381
67109382
67109384
67109385
67109386
67109387
67109390
67109391
67109392
67109393
67109394
67109395
67109411
67109413
67109420
67109421
67109422
67109426
67109428
67109429
67109430
67109435
67109438
67109440
67109443
67109446
67109447
67109450
67109453
67109460
67109467
67109469
67109471
67109473
67109482
67109488
67109493
67109495
67109500
67109508
67109509
67109515
67109516
67109523
67109545
67109546
82833917
82833961
82834952
82863914
82863927
82863958
82863965
82863968
82863974
82863978
82863994
82863996
82864047
82864097
82864101
82864116
82864131
82864182
82864183
1275069417
1275069419
1275069421
1275069428
1275069433
1275071217
1275071218
1275071417
1275071418
1275071419
1275071420
1275071421
1275071422
1275071423
1275071424
1275071425
1275071426
1275071427
1275071428
1275071429
1275071430
1275071431
1275071433
1275071434
1275071435
1275071438
1275071441
1275071443
1275071531
1275071617
1275071618
1275071619
1275071620
1275071621
1275071622
1275071623
1275071624
1275071625
1275071626
1275071627
1275071629
1275071635
1275071638
1275071817
1275071818
1275071819
1275071820
1275071821
1275071823
1275071824
1275071826
1275072018
1275072019
1275072021
1275072023
1275072025
1275072047
1275072048
1275072049
1275072051
1275072054
1275072058
1275072059
1275072517
1275072518
1275072519
1275072520
1275072521
1275072522
1275072523
1275072524
1275072525
1275072526
1275072527
1275072528
1275072529
1275072530
1275072531
1275072532
1275072533
1275072534
1275072617
1275072618
1275072619
1275072818
1275072917
1275073017
1275073117
1275073118
1275073217
1275073218
1290793504
1290793506
1290793512
1290793542
1290823468
1290823482
1290823483
1290823500
1526726657
1526726659
1526726660
1526726661
1526726662
1526726664
1526726665
1526726666
1526726682
1526726683
1526726684
1526726685
1526726687
1526726690
1526726693
1526726694
1526726695
1526726698
1526726699
1526726700
1526726701
1526726702
1526726704
1526726705
1526726706
1526726707
1526726708
1526726709
1526726710
1526726712
1526726713
1526726722
1526726729
1526726733
1526726742
1526726743
1526726744
1526726748
1526726749
1526726750
1526726752
1526726757
1526726761
1526726764
1526726782
1526726783
1526726785
1526726786
1526726787
1526726789
1526726790
1526726792
1526726805
1526726806
1526726807
1526726808
1526726810
1526726818
1526726820
1542455297
1542455301
1542455302
1542455305
1542455817
1593835529
1593835531
